421938
421508
422156
422172
418477
415394
422029
421785
408638
401157
421834
422005
421970
422094
402261
407944
421520
418472
416507
421517
411578
421916
409100
409256
421850
353474
413067
415026
421613
416044
395615
397059
405647
409658
409271
419927
415200
400249
373162
406834
418778
379949
419386
419137
410048
416138
233176
371279
408575
419494
419493
370791
416704
339144
343954
376064
419485
413883
394780
402198
413003
414470
416689
399198
419368
405904
418733
418686
419191
392081
414728
414173
380736
414655
352275
406044
416067
363458
417878
417800
416433
412134
417882
417884
421400
410932
409797
369946
397970
401691
335302
377662
418311
413153
343142
416345
417719
412451
412283
400992
393041
316741
394672
403379
397935
416431
416649
384675
369876
383193
419538
412473
416310
417162
408968
412012
416071
416640
414279
372170
410761
413946
417517
404141
417032
416396
416739
417819
414746
419666
408664
419792
406391
413700
414824
417868
413842
387600
413859
405524
365485
409817
328772
414313
393945
397036
414314
414312
412065
413206
414143
219174
404875
412485
384622
349264
414270
414071
413476
393242
411607
413741
411747
412099
389529
413607
364159
411540
411908
408304
389129
383023
373922
411629
409701
386457
390576
410507
403012
411340
409856
399891
398819
288531
410447
408701
410251
393922
410718
411093
409853
410022
410024
403893
407994
388476
409097
408947
410194
381629
387414
403511
380994
400624
407132
366979
370376
357803
396827
405361
392711
381787
406835
399165
393480
400577
307752
403916
403795
391844
403024
403438
348831
398622
405477
406138
405854
386915
340737
405667
405695
383383
385587
398780
405438
405322
367467
386820
323448
389253
387418
398271
398730
388815
399989
401723
353089
401925
378651
374127
398795
392995
401379
296330
390344
400718
388983
399787
396324
395489
396761
398358
370903
400712
380738
364076
319643
397846
374784
400143
398532
400039
422176
422079
422033
421879
420891
420333
419475
417240
416981
416892
416873
416853
416357
416259
416130
416036
415762
415739
415217
415208
415110
415106
414723
413512
413444
413368
412915
412847
412497
412461
412072
411758
410167
409821
409778
409974
399962
390870
409629
372477
421443
420495
421414
327115
421915
419916
420106
418939
421425
420996
420371
410474
421883
421863
376643
413335
419123
379224
397830
404412
421487
410675
422135
421516
368958
400074
420890
416690
421779
385383
406878
411023
421419
413498
409496
366843
414330
417953
421359
420653
421014
421358
392652
420780
421309
412058
420332
404124
420063
418627
404917
417289
421103
376953
331620
420213
410495
348674
420809
414516
421004
410057
415431
420735
413055
415151
416657
388252
419787
419720
408436
417351
419663
419793
418822
414939
410100
417251
414835
414047
411005
349428
419809
409359
416907
418111
400252
417491
419544
367103
419396
416133
419665
415271
416807
377120
407872
418862
366704
409582
418762
410471
417715
365094
409711
418357
417730
418281
416748
418889
418768
414396
418615
418727
404745
351171
382762
409687
268257
412576
412328
406313
409108
397478
418452
416540
366656
418544
409859
416972
418037
134592
413330
411349
415962
393407
412974
412381
413913
358961
413118
417186
415337
403556
405706
416461
413270
416702
409989
416680
416899
412813
417198
414866
398961
401422
404338
411809
415741
355071
411802
416933
416948
416916
416592
413496
411980
416854
416611
405502
415997
415349
404390
406669
414548
415815
358235
365269
415161
371337
414100
415698
401235
396325
412529
403968
415822
412484
385591
347359
408679
412480
407639
415747
341327
415630
415024
415108
402270
407758
409966
415629
390829
412875
414195
331759
382134
413947
413063
413369
372751
413766
328839
405235
412090
413111
407124
406144
413991
411699
396771
413994
401432
413779
408737
377895
410610
396768
378982
385849
413341
413147
411573
412147
409888
413057
392426
411672
378845
412317
375559
409738
392118
406559
412031
396359
412245
409187
412015
147437
373530
369001
411993
410215
378301
407854
409619
411939
406114
410844
410598
400622
391798
402696
408179
366014
410778
411022
392427
410540
410681
350351
407028
410049
389323
394594
399780
336078
349571
402996
390294
408176
405623
389579
400126
409332
409338
390297
408943
356731
400229
409094
390765
394789
407212
408811
385845
394161
408803
405634
402050
394895
395837
407630
403289
408214
407532
402365
405917
380490
379658
354998
400110
404588
383614
405455
405445
402327
405321
405266
404994
360572
390637
389454
398125
404496
401391
404078
368910
398574
404966
396190
388631
380260
404891
333458
372504
397252
404372
386736
398951
404525
404475
404515
399429
396514
402791
397635
332293
382467
396289
363627
331012
394554
353276
394479
396571
401887
395516
396020
392068
401488
396980
397783
397343
398556
374661
385532
358801
378654
401001
367198
369011
394329
397488
389548
399109
397625
396023
392869
389614
398233
394762
396758
398343
397413
397407
397412
385981
301145
379337
398568
358993
380518
397766
388803
387382
391518
390146
387171
386553
398122
320039
391797
396252
388682
394368
397822
397817
396580
385901
383474
397460
397155
419047
418973
418914
418881
418835
418708
418558
418223
417886
417409
417396
417263
417130
417096
416969
416773
416170
415932
415673
415643
415626
415264
415114
414514
414109
413771
413671
413570
413113
412895
412648
412556
412106
411992
411927
402430
402296
401683
401476
401058
400641
400195
400158
400057
399622
399087
399067
398988
398975
398947
398367
398317
398250
398221
398188
396012
385613
342903
417727
421538
421536
417910
249392
420943
413320
421900
422017
422019
421680
417959
413222
419258
414755
411520
379100
414266
421188
395413
404320
410360
347947
403144
415146
421830
418365
418228
421361
411355
420763
396128
416990
408919
420659
365653
415925
420856
405152
420635
407963
413248
410307
419326
420509
420463
336681
416464
403414
418460
416275
417315
328573
419344
419860
410156
415971
415586
417410
417952
416462
396086
416358
406474
366582
357343
418949
414444
417736
404310
409708
417641
410345
417575
417954
408645
417682
407997
409988
406716
410045
418206
415727
331680
405930
360647
414250
393597
322901
412453
409498
365003
416186
410702
409054
416408
360071
398093
395102
416389
379461
416235
372008
379743
415592
363255
398524
361852
415139
366453
413649
415266
392425
408937
411974
405830
233171
394078
414544
412602
411204
391218
414990
289630
377150
415160
399705
411572
410709
403081
412426
412078
402025
410859
412074
410957
412414
393622
412315
407099
401937
385557
410211
375506
409275
402626
347497
402322
408182
409937
394080
365589
410168
395056
368755
396884
398983
409864
410054
409597
406209
406554
338770
406227
390152
399778
405575
395108
405592
403728
402845
403928
392770
405792
404109
402014
403625
378227
164663
393265
404103
401862
403862
375198
403855
403843
403826
238161
397986
332339
400841
395235
403421
393951
402914
400726
396714
396312
393141
398383
399143
391207
396248
386117
395871
375586
397637
398996
399061
372616
385313
395230
397244
386841
385578
389987
397444
380567
378419
393321
391918
342131
387091
367749
330485
337914
194493
116518
422194
422180
422124
405766
405721
405000
404878
404548
404507
404505
403869
403621
403608
403571
403180
402818
413882
419148
407779
419181
405442
420132
417684
417406
412743
417036
418027
420044
411905
416658
350634
418268
412862
417860
394039
413020
410109
403720
307976
418775
407612
381469
414733
413073
414386
419218
411029
409336
316483
410305
414101
408767
415029
401370
413374
413635
413688
393947
414154
410068
412232
411056
389562
414389
414510
376960
413083
410032
165574
397593
400012
412363
411440
409816
386051
407469
396067
412624
408198
376291
388013
401910
388063
411033
412524
345842
405704
403429
381378
390395
403276
386126
402561
400097
386706
403018
393902
402738
378130
395336
66129
397919
399980
257494
399357
399817
400017
397391
393960
398561
399194
397389
304383
355103
398338
395260
396694
322202
132902
398415
399548
406561
406278
411645
417906
417692
415388
406332
416517
416819
415350
352169
404101
403543
410191
359573
416803
416766
416800
411142
416842
416301
413625
416801
414255
414063
414998
416683
415167
416655
415966
416648
399837
416060
414128
416079
379946
402976
399091
422219
422060
422020
421964
421833
421483
421058
420462
420072
420064
419958
419626
419354
419198
411796
411534
411222
410976
409719
409510
409308
409070
408015
407930
407923
407910
407909
407882
407723
407560
407430
407365
407111
406705
412371
409918
405040
403079
409921
392834
408666
402357
307324
403733
402267
404755
409722
409716
384055
402478
407075
364286
380993
407100
406832
407217
398749
402493
404186
406879
406523
381951
405108
382347
399025
406826
393698
367984
384235
422262
420486
132227
421382
422334
422206
422225
326367
422418
422383
422498
422404
422385
422480
422454
422321
422343
422438
422417
422380
422364
422333
422522
422543
422540
